timestamp,phone_accel_x,phone_accel_y,phone_accel_z,phone_gyro_x,phone_gyro_y,phone_gyro_z,watch_accel_x,watch_accel_y,watch_accel_z,watch_gyro_x,watch_gyro_y,watch_gyro_z
1764807876.26052,-0.15868220321983098,-0.170308635866642,0.45799145913943645,-0.019573092460632324,0.09279942512512207,-0.08645575493574142,,,,,,
1764807876.264722,,,,,,,0.0005858540534973145,0.004677027463912964,-0.038212306797504425,0.20807217061519623,0.015276680700480938,0.10636188089847565
1764807876.270572,-0.0411500487729907,-0.1561965238839388,0.37342765444517134,-0.029692547395825386,0.06546546518802643,-0.062419015914201736,,,,,,
1764807876.274752,,,,,,,-0.0028741955757141113,-0.009014397859573364,-0.029972322285175323,0.24078670144081116,0.01204040739685297,0.11103786528110504
1764807876.280623,-0.06512976703643798,-0.06449556078612804,0.28519641328454015,-0.03553152456879616,0.0556703619658947,-0.059649597853422165,,,,,,
1764807876.284782,,,,,,,0.0054492950439453125,-0.03151443600654602,-0.02448032796382904,0.22067715227603912,0.00905846618115902,0.10333000868558884
1764807876.290675,-0.1252437517374754,0.047290158963203426,0.27162498404979707,-0.03274087980389595,0.05450784042477608,-0.07810670137405396,,,,,,
1764807876.294811,,,,,,,0.021274805068969727,-0.033102184534072876,-0.021157264709472656,0.1524783819913864,-0.0033854206558316946,0.10621181130409241
1764807876.300726,-0.1255138008505106,0.1081675292521715,0.2990086655378342,-0.027778610587120056,0.04708241671323776,-0.0875614583492279,,,,,,
1764807876.304841,,,,,,,0.02712470293045044,-0.02437952160835266,-0.02865517884492874,0.12924246490001678,-0.03382508456707001,0.11247456818819046
1764807876.310777,-0.10236614949703216,0.07181085223555564,0.30884397698417304,-0.02679005078971386,0.03590314835309982,-0.09152484685182571,,,,,,
1764807876.314871,,,,,,,0.018940329551696777,-0.0151749849319458,-0.030671007931232452,0.11274337023496628,-0.05032709613442421,0.11416913568973541
1764807876.320829,-0.13424860370904207,-0.04599252036809921,0.34191622550264,-0.03804563358426094,0.029160287231206894,-0.09587991237640381,,,,,,
1764807876.3249,,,,,,,0.009039998054504395,-0.02143910527229309,-0.028526440262794495,0.06507367640733719,-0.05520147830247879,0.10581846535205841
1764807876.330881,-0.16782646366208792,-0.11752864731550217,0.3633643794618547,-0.053761713206768036,0.0272162277251482,-0.11171089112758636,,,,,,
1764807876.33493,,,,,,,0.003311455249786377,-0.029769420623779297,-0.02809251844882965,0.017469139769673347,-0.04979819059371948,0.10326182842254639
1764807876.340932,-0.13393617675900457,-0.09932955828011035,0.3395499347627163,-0.0681057721376419,0.032169438898563385,-0.12154035270214081,,,,,,
1764807876.34496,,,,,,,0.005956470966339111,-0.019602090120315552,-0.032118454575538635,0.004811145830899477,-0.050415780395269394,0.10676661878824234
1764807876.350984,-0.08752017028182744,-0.06083996088802814,0.29025135858654977,-0.07602033764123917,0.02961377426981926,-0.12346673756837845,,,,,,
1764807876.354989,,,,,,,0.009301602840423584,0.006858021020889282,-0.028469324111938477,0.0194912888109684,-0.06156856194138527,0.1052374318242073
1764807876.361035,-0.0058615855097770685,-0.0328261648029089,0.23684490870013833,-0.08024277538061142,0.02240566350519657,-0.11192938685417175,,,,,,
1764807876.365019,,,,,,,0.008845269680023193,0.022825807332992554,-0.018869757652282715,0.0639604926109314,-0.08249329030513763,0.10394766181707382
1764807876.371086,0.03775426885485649,-0.021266659912467,0.18161328921318054,-0.08075306564569473,0.013377886265516281,-0.09447328001260757,,,,,,
1764807876.375049,,,,,,,0.002396106719970703,0.022512346506118774,-0.010717153549194336,0.1162298172712326,-0.09456326812505722,0.09911961853504181
1764807876.381138,0.012881693404912948,-0.00601531476676464,0.1281190149128437,-0.07182827591896057,0.012922486290335655,-0.08027224242687225,,,,,,
1764807876.385079,,,,,,,-0.007143855094909668,0.012533873319625854,-0.008977651596069336,0.16234858334064484,-0.08834505826234818,0.10857889801263809
1764807876.391189,-0.09546645311117172,-0.005350713378190994,0.07817629561424255,-0.06485042721033096,0.03016265295445919,-0.08281159400939941,,,,,,
1764807876.395108,,,,,,,-0.011066436767578125,-0.003919929265975952,-0.012391574680805206,0.21814259886741638,-0.05850672721862793,0.10656794905662537
1764807876.401241,-0.18948446097970006,-0.012048165190219878,0.1073803243972361,-0.0695253387093544,0.060448650270700455,-0.10495604574680328,,,,,,
1764807876.405138,,,,,,,-0.00242006778717041,0.011004239320755005,-0.007273070514202118,0.19148382544517517,-0.03901664912700653,0.09336106479167938
1764807876.411292,-0.18059943599551914,0.0014846855998039245,0.17942016308307646,-0.07661545276641846,0.07877180725336075,-0.1183525025844574,,,,,,
1764807876.415168,,,,,,,0.008633136749267578,0.02611866593360901,0.0006790235638618469,0.17089515924453735,-0.041208431124687195,0.10905193537473679
1764807876.421344,-0.027557284489274022,0.02620937701165676,0.15836553848609328,-0.07641518115997314,0.08709711581468582,-0.10324705392122269,,,,,,
1764807876.425197,,,,,,,0.005239367485046387,0.02905428409576416,-0.0007035508751869202,0.20962311327457428,-0.05351942777633667,0.11013291776180267
1764807876.431395,0.06577361789792775,0.024070611417293546,0.02161547335013747,-0.06844614446163177,0.09663399308919907,-0.07156038284301758,,,,,,
1764807876.435227,,,,,,,-0.006693124771118164,0.028168201446533203,0.004977107048034668,0.2202824205160141,-0.058843083679676056,0.09870369732379913
1764807876.441447,0.05388824205398559,-0.028226562052965164,-0.01695361901894212,-0.06353794038295746,0.09989316761493683,-0.04908517003059387,,,,,,
1764807876.445257,,,,,,,-0.01411294937133789,0.012791723012924194,0.013096451759338379,0.2134903073310852,-0.048727069050073624,0.09078411757946014
1764807876.451498,0.009968144045770167,-0.04670271446406841,-0.03963979034051299,-0.061530761420726776,0.10718829184770584,-0.04239612817764282,,,,,,
1764807876.455286,,,,,,,-0.011254429817199707,-0.0005275309085845947,0.017374522984027863,0.18994610011577606,-0.03672979399561882,0.08355043828487396
1764807876.46155,-0.04546937327682972,0.016327449944615362,-0.03482230705618858,-0.05865640938282013,0.11529628932476044,-0.040242429822683334,,,,,,
1764807876.465316,,,,,,,-0.003554701805114746,-0.011468499898910522,0.018653154373168945,0.15115350484848022,-0.04231151193380356,0.06705262511968613
1764807876.471601,-0.07760667903274297,0.06817278799414635,-0.017480857763439415,-0.05567415803670883,0.11227527260780334,-0.039146788418293,,,,,,
1764807876.475346,,,,,,,0.0029324889183044434,-0.010588377714157104,0.017525315284729004,0.1030711904168129,-0.044463079422712326,0.042380835860967636
1764807876.481653,-0.08333002511560916,0.09615034372210501,0.005994710370153188,-0.054552700370550156,0.09371090680360794,-0.0408586710691452,,,,,,
1764807876.485375,,,,,,,0.010328173637390137,0.004539310932159424,0.01969170570373535,0.04555324837565422,-0.05080726370215416,0.021084468811750412
1764807876.491704,0.00013034838140010832,0.12363456297516823,0.009670330142974854,-0.06090995669364929,0.06801972538232803,-0.03777749836444855,,,,,,
1764807876.495405,,,,,,,0.013105034828186035,0.018793582916259766,0.019386768341064453,0.013324739411473274,-0.06222983077168465,0.017027143388986588
1764807876.501756,0.11144874287992715,0.11823007358312607,-0.012451485294103622,-0.06420721858739853,0.04128478467464447,-0.03537506237626076,,,,,,
1764807876.505435,,,,,,,0.010674536228179932,0.006654232740402222,0.016863934695720673,0.018087755888700485,-0.07103397697210312,0.02181330882012844
1764807876.511807,0.15057166973948477,0.09831424375772475,-0.07587897845730185,-0.06599965691566467,0.018703337758779526,-0.04068636894226074,,,,,,
1764807876.515464,,,,,,,0.006418287754058838,-0.013532519340515137,0.02110469341278076,0.011023719795048237,-0.07291150093078613,0.016117872670292854
1764807876.521859,0.16117781942784784,0.08136427800059318,-0.10658303653970361,-0.07032037526369095,-6.795395165681839e-05,-0.0606616735458374,,,,,,
1764807876.525494,,,,,,,0.009394347667694092,-0.014025360345840454,0.02373051643371582,-0.034276217222213745,-0.07072611153125763,0.029794737696647644
1764807876.53191,0.1836971097499132,0.10092062686383724,-0.11647665404453873,-0.07471106946468353,-0.009726366959512234,-0.07506456226110458,,,,,,
1764807876.535524,,,,,,,0.01315218210220337,-0.012778043746948242,0.021346330642700195,-0.03196752071380615,-0.07277568429708481,0.05537839233875275
1764807876.541962,0.21003274348974227,0.11558803464174269,-0.10870017482414841,-0.08034232258796692,-0.020181937143206596,-0.08017224073410034,,,,,,
1764807876.545554,,,,,,,0.015066027641296387,-0.004688531160354614,0.02232920378446579,-0.041634559631347656,-0.07332775741815567,0.06614535301923752
1764807876.552013,0.11959902384877204,0.10772270809412002,-0.09312734263911843,-0.0796598494052887,-0.027468103915452957,-0.08587243407964706,,,,,,
1764807876.555583,,,,,,,0.014431893825531006,-0.006277561187744141,0.02355360984802246,-0.06626586616039276,-0.07981787621974945,0.07087326049804688
1764807876.562065,0.04117781356275081,0.11957213584184646,-0.08470219025164842,-0.07894638925790787,-0.03760702535510063,-0.0914570763707161,,,,,,
1764807876.565613,,,,,,,0.00816410779953003,7.423758506774902e-05,0.024166710674762726,-0.08433622866868973,-0.08171138912439346,0.07286278158426285
1764807876.572116,-0.0008083937734365463,0.10692132858335972,-0.04649170206189155,-0.0762953832745552,-0.04331371933221817,-0.09095430374145508,,,,,,
1764807876.575643,,,,,,,6.347894668579102e-05,0.02223065495491028,0.021838553249835968,-0.09314117580652237,-0.07470913976430893,0.07253414392471313
1764807876.582168,-0.029609833104908466,0.09346914181411266,-0.09156550014987587,-0.06326267123222351,-0.03388559818267822,-0.07866434752941132,,,,,,
1764807876.585672,,,,,,,-0.008386015892028809,0.024712026119232178,0.016436219215393066,-0.03423231095075607,-0.06677025556564331,0.06421342492103577
1764807876.592219,-0.0455441920787096,0.04422492617368698,-0.11173968865051864,-0.05316190421581268,-0.018071213737130165,-0.061720110476017,,,,,,
1764807876.595702,,,,,,,-0.013777077198028564,0.028104782104492188,0.015349037945270538,-0.0037295292131602764,-0.056619878858327866,0.04211798310279846
1764807876.602271,-0.10505758053809404,4.676175117492675e-05,-0.04910436877831816,-0.04513300582766533,-0.006120543461292982,-0.044011153280735016,,,,,,
1764807876.605732,,,,,,,-0.015006005764007568,0.030575156211853027,0.018024437129497528,-0.0033044791780412197,-0.046023692935705185,0.03547585755586624
1764807876.612322,-0.10899491998702288,-0.010951602125167846,-0.058627399405092,-0.04020598530769348,0.012309256941080093,-0.03313630074262619,,,,,,
1764807876.615761,,,,,,,-0.014234542846679688,0.02810490131378174,0.013200290501117706,0.03216775879263878,-0.026754658669233322,0.03361484035849571
1764807876.622374,-0.07780921586751938,0.035808980005979534,-0.0940007644727826,-0.03118292987346649,0.04356278106570244,-0.020525699481368065,,,,,,
1764807876.625791,,,,,,,-0.005415141582489014,0.03446972370147705,0.007331140339374542,0.060047175735235214,-0.011828440241515636,0.03545834869146347
1764807876.632425,-0.050637423564493654,0.08505494921207428,-0.14544541276693343,-0.02256454899907112,0.07881676405668259,-0.01282588206231594,,,,,,
1764807876.635821,,,,,,,0.003264188766479492,0.017004191875457764,0.00033295899629592896,0.08671127259731293,-0.014868437312543392,0.0393015556037426
1764807876.642477,-0.014916706363856792,0.051129298734664916,-0.07254398881569504,-0.021815136075019836,0.09760669618844986,-0.008901980705559254,,,,,,
1764807876.64585,,,,,,,0.004506111145019531,-0.00883936882019043,0.010791070759296417,0.08309720456600189,-0.022390004247426987,0.014432025142014027
1764807876.652528,-0.017660159853100776,-0.016837153032422066,0.049392976461350914,-0.028569908812642097,0.08074264228343964,-0.012078814208507538,,,,,,
1764807876.65588,,,,,,,-0.000568389892578125,-0.0021802186965942383,0.020754694938659668,0.023548925295472145,-0.024112537503242493,0.0009929159423336387
1764807876.66258,0.04519552477151155,0.0012204817056655883,0.03923778541088104,-0.025305671617388725,0.04839881882071495,-0.0021436254028230906,,,,,,
1764807876.66591,,,,,,,-0.00817960500717163,0.008243918418884277,0.016080379486083984,0.01073550246655941,-0.01873055472970009,-0.006830852013081312
1764807876.672631,0.09534984099417924,0.04925473703444004,-0.0630661125048995,-0.01328388974070549,0.017795756459236145,0.01515714731067419,,,,,,
1764807876.67594,,,,,,,-0.012179732322692871,0.007059812545776367,0.010262489318847656,0.026763206347823143,-0.007867787033319473,-0.018611079081892967
1764807876.682683,0.055148763509094714,0.014114450070261955,-0.08246434819698334,-0.0006868727505207062,-0.0013542365049943328,0.02204062044620514,,,,,,
1764807876.685969,,,,,,,-0.01101672649383545,-0.001887679100036621,0.00836288183927536,0.0396919809281826,-0.002463966840878129,-0.028131680563092232
1764807876.692734,-0.0035503859579563138,-0.04566343454420566,-0.01673456944078207,0.003074178472161293,-0.013777858577668667,0.01983402483165264,,,,,,
1764807876.695999,,,,,,,-0.010007143020629883,-0.0035736262798309326,0.007897980511188507,0.02818099781870842,-0.007511721923947334,-0.03373417258262634
1764807876.702786,-0.047159518320858476,-0.12041793901622294,0.03456599420756101,0.0007465756498277187,-0.025710685178637505,0.02049022726714611,,,,,,
1764807876.706029,,,,,,,-0.01127004623413086,-0.003804802894592285,0.003163576126098633,0.03452110290527344,-0.006138595752418041,-0.0412185862660408
1764807876.712837,-0.07765256400108336,-0.1255564709484577,0.03563245439529419,-4.3968670070171356e-05,-0.02586807683110237,0.022085990756750107,,,,,,
1764807876.716058,,,,,,,-0.013153493404388428,0.006213515996932983,-0.0021370723843574524,0.03833315148949623,0.00463868398219347,-0.042388781905174255
1764807876.722888,-0.09300707726031542,-0.08880991783142089,0.02368395018726587,0.0032761944457888603,-0.0159376822412014,0.028259731829166412,,,,,,
1764807876.726088,,,,,,,-0.012777268886566162,0.011606812477111816,-0.005409829318523407,0.03753446415066719,0.013308072462677956,-0.03433225303888321
1764807876.73294,-0.0983098598435521,-0.07746142534315585,0.009641396309435366,0.003998154774308205,0.0007729757344350219,0.035407476127147675,,,,,,
1764807876.736118,,,,,,,-0.011927664279937744,0.00436168909072876,-0.008502133190631866,0.061984144151210785,0.018592581152915955,-0.02777022123336792
1764807876.742992,-0.11201485233008861,-0.10229191521704196,0.013883563923835754,0.004348892718553543,0.016873115673661232,0.03954975679516792,,,,,,
1764807876.746147,,,,,,,-0.009969234466552734,0.004129648208618164,-0.008781559765338898,0.09290396422147751,0.02079847827553749,-0.020562177523970604
1764807876.753043,-0.11460019264817237,-0.13494330797493456,0.004653086502850056,0.0016748544294387102,0.02992628514766693,0.041940685361623764,,,,,,
1764807876.756177,,,,,,,-0.008001267910003662,0.00743025541305542,-0.007143266499042511,0.11055087298154831,0.011963708326220512,-0.009819784201681614
1764807876.763094,-0.10212620326131581,-0.115557639503479,0.02056698721051216,0.0031952529679983854,0.03758180886507034,0.04506244510412216,,,,,,
1764807876.766207,,,,,,,-0.008326411247253418,-0.00715145468711853,-0.007251143455505371,0.13785508275032043,0.009899226017296314,-0.0008796192705631256
1764807876.773146,-0.1372808110117912,-0.09118541479110717,0.038135084865987295,0.002965037478134036,0.04657450318336487,0.04249914363026619,,,,,,
1764807876.776236,,,,,,,-0.007312178611755371,-0.029805749654769897,-0.005795128643512726,0.13743990659713745,0.012357856146991253,-0.002214129315689206
1764807876.783197,-0.20038667100518942,-0.1125379994213581,0.039605888070911165,0.0011729963589459658,0.05177086591720581,0.02336033806204796,,,,,,
1764807876.786267,,,,,,,-0.005992889404296875,-0.033166319131851196,-0.004305727779865265,0.12082308530807495,0.01153041236102581,-0.009733031503856182
1764807876.793249,-0.21389818674623964,-0.09968144045770168,0.11654109758287667,-0.005186889786273241,0.044448137283325195,0.008512429893016815,,,,,,
1764807876.796297,,,,,,,-0.0034519433975219727,-0.011509805917739868,-0.0032968521118164062,0.08432232588529587,0.01008298434317112,-0.001171767944470048
1764807876.8033,-0.13015928856879472,-0.05850304237306118,0.1182654371574521,-0.010354487225413322,0.030248964205384254,0.004443385638296604,,,,,,
1764807876.806326,,,,,,,-0.002189457416534424,-0.0018477439880371094,-0.004804603755474091,0.07577861100435257,0.00355477724224329,0.012961162254214287
1764807876.813352,-0.05950608193576336,-0.05815057567358017,0.023000790228694674,-0.0076428246684372425,0.02655254490673542,0.007830851711332798,,,,,,
1764807876.816356,,,,,,,-0.0014441609382629395,-0.021493136882781982,-0.00501357764005661,0.06850365549325943,-0.0025760859716683626,0.01084847655147314
1764807876.823403,-0.05356149431765079,-0.07290683077871798,-0.02338555176258087,-0.0064438688568770885,0.03185223415493965,0.007691835053265095,,,,,,
1764807876.826386,,,,,,,-0.0012029409408569336,-0.037042587995529175,-0.000979304313659668,0.03995475172996521,-0.006818234920501709,0.0036516827531158924
1764807876.833455,-0.08862462439239024,-0.059408466780185694,0.017190788775682447,-0.011004140600562096,0.02390974387526512,0.001801806502044201,,,,,,
1764807876.836416,,,,,,,-0.00011783838272094727,-0.030520379543304443,0.003485076129436493,0.009278865531086922,-0.009049165062606335,-0.0073149483650922775
1764807876.843506,-0.13087123623043298,-0.017434534403681753,0.06791238349229096,-0.01464601419866085,0.005930211395025253,-0.002002785447984934,,,,,,
1764807876.846445,,,,,,,0.0030654072761535645,-0.0036437511444091797,0.005242347717285156,-0.013368961401283741,-0.005247236229479313,0.001505707623437047
1764807876.853558,-0.0996653661057353,0.07154021860063076,0.044640228976309294,-0.00766992149874568,-0.005663303658366203,-0.0006986708613112569,,,,,,
1764807876.856475,,,,,,,0.0037425756454467773,0.01103222370147705,0.0032749176025390625,0.006486768834292889,-0.005969485267996788,0.011625719256699085
1764807876.863609,-0.08476035017967223,0.07667348983585834,0.010261866295337676,0.00606213603168726,0.0005096371751278639,0.004712339956313372,,,,,,
1764807876.866505,,,,,,,-0.0006851553916931152,0.0005117952823638916,0.0002484321594238281,0.05861763283610344,-0.0021281421650201082,0.01426797453314066
1764807876.873661,-0.12285276494771241,0.0285386967420578,0.0058420040264725685,0.011122548952698708,0.015194985084235668,0.0005667780060321093,,,,,,
1764807876.876534,,,,,,,-0.00031059980392456055,-0.004782617092132568,0.0021293237805366516,0.05121031776070595,0.005134298000484705,0.01406610757112503
1764807876.883712,-0.15283903014957903,-0.0006622633010149001,0.020220073468983173,0.00962798297405243,0.03127941116690636,-0.006747061386704445,,,,,,
1764807876.886564,,,,,,,0.00041425228118896484,-0.010411173105239868,-0.00010084360837936401,0.06277838349342346,0.01110750250518322,0.018911927938461304
1764807876.893764,-0.10579700072854757,-0.019371639946103095,0.037082068681716915,0.007536728400737047,0.04524621367454529,-0.010219205170869827,,,,,,
1764807876.896594,,,,,,,-0.000552833080291748,-6.556510925292969e-06,-0.002730846405029297,0.08130812644958496,0.016018902882933617,0.012542713433504105
1764807876.903815,-0.06920446912944317,-0.026733693146705626,0.045673079155385495,0.006977730896323919,0.04579136148095131,-0.006502231582999229,,,,,,
1764807876.906623,,,,,,,-0.0025225281715393066,0.007631033658981323,0.0012470409274101257,0.08016684651374817,0.013963742181658745,0.019897231832146645
1764807876.913867,-0.05383855769336223,-0.034878421157598496,0.02698255334123969,0.008706847205758095,0.04669151455163956,-0.005767328664660454,,,,,,
1764807876.916653,,,,,,,-0.004240989685058594,-0.011065900325775146,-0.0022056177258491516,0.08780691772699356,0.01658402569591999,0.0274539515376091
1764807876.923918,-0.07206248890906572,-0.035927053427696226,0.008889408898353577,0.010190228000283241,0.048665717244148254,-0.008915451355278492,,,,,,
1764807876.926683,,,,,,,-0.005163073539733887,-0.015934467315673828,-0.0006523057818412781,0.06813907623291016,0.022088512778282166,0.02296379581093788
1764807876.93397,-0.07327098791599274,-0.0272054023116827,0.015589198797941206,0.0062873889692127705,0.048605941236019135,-0.019223039969801903,,,,,,
1764807876.936712,,,,,,,0.0004392266273498535,-0.003890305757522583,0.0004719570279121399,0.04675682261586189,0.018364349380135536,0.036038052290678024
1764807876.944021,-0.029368425564467907,0.004399696263670921,0.025415011763572692,0.0026436522603034973,0.04314672201871872,-0.019479768350720406,,,,,,
1764807876.946742,,,,,,,0.006042540073394775,-0.0009106993675231934,-0.007741563022136688,0.05728510767221451,0.006347367540001869,0.048114754259586334
1764807876.954073,-0.011298808127641677,-0.028947862064838407,-0.02031461988463998,3.049289807677269e-05,0.035786718130111694,-0.022241050377488136,,,,,,
1764807876.956772,,,,,,,0.004813194274902344,-0.012657195329666138,-0.00620066374540329,0.07938135415315628,-0.0038751757238060236,0.03529323264956474
1764807876.964124,-0.041618250806629654,-0.059554012730717656,0.01962678375095129,-0.008317718282341957,0.02077953703701496,-0.032289423048496246,,,,,,
1764807876.966802,,,,,,,0.00295412540435791,-0.006713837385177612,0.004514448344707489,0.051466137170791626,-0.013887596316635609,0.02534845657646656
1764807876.974176,-0.05886047750860452,-0.04288227939307689,0.06028904900699854,-0.012643657624721527,0.011282898485660553,-0.035170722752809525,,,,,,
1764807876.976831,,,,,,,-0.004508852958679199,0.0025991201400756836,0.008972406387329102,0.029071349650621414,-0.018178215250372887,0.03184976428747177
1764807876.984227,-0.03785685244649648,-0.01657470270395279,-0.02793050171583891,-0.0037630805745720863,0.02251558005809784,-0.03039567545056343,,,,,,
1764807876.986861,,,,,,,-0.010798633098602295,0.0015644431114196777,0.0047103166580200195,0.044570982456207275,-0.006150846369564533,0.037999603897333145
1764807876.994279,-0.03752542853504419,-0.015979659420251844,-0.08495908762216567,0.0046758190728724,0.047283388674259186,-0.029925979673862457,,,,,,
1764807876.996891,,,,,,,-0.00956106185913086,0.0021224915981292725,0.0010083913803100586,0.04738381505012512,0.006836057640612125,0.047083381563425064
1764807877.00433,-0.03606763094216585,-0.0139338328063488,-0.048724575680494306,0.00521723972633481,0.06743340194225311,-0.034602489322423935,,,,,,
1764807877.00692,,,,,,,-0.002459704875946045,0.0032863616943359375,-0.0008568689227104187,0.044607724994421005,0.009373251348733902,0.057981766760349274
1764807877.014382,-0.003445464278757572,-0.02815700394809246,0.005446428837627172,0.003372334409505129,0.0725620910525322,-0.03673578053712845,,,,,,
1764807877.01695,,,,,,,0.003785431385040283,0.0003908872604370117,-0.004335761070251465,0.05382679030299187,0.0028876555152237415,0.061591681092977524
1764807877.024433,0.025000585743784904,-0.04208966771066189,0.0322355054333806,0.002015720121562481,0.06343037635087967,-0.03339271619915962,,,,,,
1764807877.02698,,,,,,,0.0025606155395507812,0.001580744981765747,-0.007226228713989258,0.07045628130435944,-0.0025947277899831533,0.05030267313122749
1764807877.034485,0.026549276490509508,-0.04743161326050758,0.07931713621243834,-0.0024532475508749485,0.041070111095905304,-0.025871802121400833,,,,,,
1764807877.037009,,,,,,,-0.0032729506492614746,0.0052841901779174805,-0.0018739700317382812,0.06034319847822189,-0.003547340864315629,0.03647101670503616
1764807877.044536,0.013530512702465056,-0.03914250834286213,0.11594342395067214,-0.003848743624985218,0.013747944496572018,-0.017402417957782745,,,,,,
1764807877.047039,,,,,,,-0.00823664665222168,0.005531728267669678,0.004276402294635773,0.029284942895174026,-0.0008564826566725969,0.025601323693990707
1764807877.054587,-0.03623392741978168,-0.04064414507746696,0.08208323992490768,0.0009866575710475445,-0.003986238501966,-0.010784970596432686,,,,,,
1764807877.057069,,,,,,,-0.010225176811218262,-0.003931194543838501,0.0027979686856269836,0.005268023815006018,0.011513101868331432,0.012398702092468739
1764807877.064639,-0.07191577391475439,-0.039542905837297436,0.03771218327879906,0.006651201285421848,-0.008028917014598846,-0.006654141470789909,,,,,,
1764807877.067098,,,,,,,-0.010102987289428711,-0.008398503065109253,-2.9675662517547607e-05,-0.011714998632669449,0.015426084399223328,-0.0013057917822152376
1764807877.07469,-0.08637947581410407,-0.025662849044799804,0.04119564148038626,0.01019657775759697,-0.010683580301702023,-0.002683860482648015,,,,,,
1764807877.077128,,,,,,,-0.0054860711097717285,0.0007191002368927002,-0.00298917293548584,-0.008811353705823421,0.01597229763865471,-0.00216918857768178
1764807877.084742,-0.09012743017077446,-0.03294248465895652,0.06688947018533944,0.011291669681668282,-0.011137649416923523,0.0032523255795240402,,,,,,
1764807877.087158,,,,,,,-0.0018455982208251953,0.010641545057296753,-0.006384856998920441,0.01917833276093006,0.016132354736328125,-0.001451266696676612
1764807877.094793,-0.08000088069289922,-0.006867547681927681,0.06494535038024186,0.005681910552084446,-0.006832697428762913,0.015225033275783062,,,,,,
1764807877.097188,,,,,,,0.0015931129455566406,0.015811800956726074,-0.005642779171466827,0.04433215409517288,0.014909164980053902,-0.005069703795015812
1764807877.104845,-0.09472820196449756,0.032732056778669354,0.06849632086008786,0.008794879540801048,0.0015812935307621956,0.022357776761054993,,,,,,
1764807877.107217,,,,,,,0.004685103893280029,0.010233253240585327,-0.004192829132080078,0.05225237458944321,0.00956739578396082,-0.005229360423982143
1764807877.114896,-0.1214917057275772,0.036626726129651066,-0.0026350246787071228,0.013572640717029572,0.019835252314805984,0.023323392495512962,,,,,,
1764807877.117247,,,,,,,0.0033468008041381836,-0.007512301206588745,-0.003368377685546875,0.07714653760194778,0.008348999544978142,-0.001196002820506692
1764807877.124948,-0.13650018202811479,-0.002265606844425201,-0.006404021823406219,0.016233405098319054,0.03257261961698532,0.015933120623230934,,,,,,
1764807877.127277,,,,,,,-0.001961648464202881,-0.013432919979095459,0.0008041858673095703,0.09254049509763718,0.015338999219238758,-0.003225131891667843
1764807877.134999,-0.15555851824134587,-0.00467383702993393,0.020515841545164584,0.013356409035623074,0.0378614142537117,0.0065636844374239445,,,,,,
1764807877.137306,,,,,,,2.3126602172851562e-05,-0.003064870834350586,8.569657802581787e-05,0.1059308648109436,0.023637142032384872,0.01114688254892826
1764807877.145051,-0.09839052386432885,0.018255203136801717,0.02905103017836809,0.01788005419075489,0.04042657092213631,0.005784176755696535,,,,,,
1764807877.147336,,,,,,,0.00310593843460083,-0.008943021297454834,-0.004099726676940918,0.1265578418970108,0.021683979779481888,0.02045469731092453
1764807877.155102,-0.10284633422940968,0.0010673369705677031,0.040295477770268914,0.022886138409376144,0.03647724911570549,0.002422117395326495,,,,,,
1764807877.157366,,,,,,,0.003527045249938965,-0.025011807680130005,-0.001498095691204071,0.12033002823591232,0.023692002519965172,0.01607326604425907
1764807877.165154,-0.12698182757645846,0.001463058289885521,0.08411386896967887,0.02443237043917179,0.03147343546152115,-0.0055532511323690414,,,,,,
1764807877.167395,,,,,,,0.0024878382682800293,-0.025877386331558228,0.0019081830978393555,0.08347821980714798,0.030575208365917206,0.021334407851099968
1764807877.175205,-0.16575199547559022,0.008678981018066407,0.1198687807008624,0.023511424660682678,0.031692687422037125,-0.009504159912467003,,,,,,
1764807877.177425,,,,,,,0.0012305974960327148,-0.019538909196853638,-0.003020644187927246,0.07638382166624069,0.037319134920835495,0.026239950209856033
1764807877.185257,-0.15790420458465815,-0.01769581568837166,0.09914309579730034,0.022646430879831314,0.027683831751346588,-0.009400296956300735,,,,,,
1764807877.187455,,,,,,,-0.0018309950828552246,-0.010659456253051758,-0.005705118179321289,0.08058139681816101,0.04153917729854584,0.024866823107004166
1764807877.195308,-0.17330314150750636,-0.022333996883034706,0.08397796763032675,0.02187979780137539,0.02263987623155117,-0.0036977771669626236,,,,,,
1764807877.197484,,,,,,,-0.0008304715156555176,-0.006156802177429199,-0.003948330879211426,0.09332462400197983,0.04004594311118126,0.02579360455274582
1764807877.20536,-0.19100041850060223,-0.027106618112325665,0.059200669248402116,0.022766895592212677,0.025917695835232735,0.0021337466314435005,,,,,,
1764807877.207514,,,,,,,-0.0015114545822143555,-0.012621879577636719,-0.005479104816913605,0.11152265965938568,0.03710022196173668,0.02797126956284046
1764807877.215411,-0.24129472771584987,-0.011685761618614196,0.05087313201650977,0.017842087894678116,0.031230894848704338,-0.0018246686086058617,,,,,,
1764807877.217544,,,,,,,0.00011664628982543945,-0.01445874571800232,-0.004588015377521515,0.11593391746282578,0.040494952350854874,0.027400555089116096
1764807877.225463,-0.27673808927983046,0.015393968486785889,0.034712416940927505,0.01949537917971611,0.0412752740085125,-0.009119066409766674,,,,,,
1764807877.227573,,,,,,,0.005962073802947998,-0.01628929376602173,-0.00455821305513382,0.1075608879327774,0.035400327295064926,0.033815640956163406
1764807877.235514,-0.23804653957486152,0.03433832293152809,0.04244783349856734,0.02288358472287655,0.04779471457004547,-0.012511302717030048,,,,,,
1764807877.237603,,,,,,,0.007490873336791992,-0.025934815406799316,-0.0040537044405937195,0.11226216703653336,0.027514170855283737,0.0350918285548687
1764807877.245566,-0.233330909229815,0.024009821140766142,0.057444765491783616,0.022436439990997314,0.051113277673721313,-0.013867916539311409,,,,,,
1764807877.247633,,,,,,,0.006405174732208252,-0.029754579067230225,-0.0011719465255737305,0.07581339031457901,0.025770068168640137,0.03049881011247635
1764807877.255617,-0.22299217830598353,0.013091536763310431,0.1138800616800785,0.022056998685002327,0.052621934562921524,-0.019917519763112068,,,,,,
1764807877.257663,,,,,,,0.006147205829620361,-0.03914126753807068,-0.00398968905210495,0.03806174546480179,0.022628867998719215,0.03731836751103401
1764807877.265669,-0.20141659857481717,0.015678630647063256,0.12563158201128244,0.02062128856778145,0.05150047689676285,-0.03131398186087608,,,,,,
1764807877.267692,,,,,,,0.0070310235023498535,-0.04095783829689026,-0.011531472206115723,0.03277472406625748,0.027190065011382103,0.04094032943248749
1764807877.27572,-0.2072732156485319,-0.005908347260951996,0.14375848259329796,0.014209660701453686,0.04593725502490997,-0.0460871197283268,,,,,,
1764807877.277722,,,,,,,0.008272707462310791,-0.021423935890197754,-0.016956448554992676,0.026308834552764893,0.02188478223979473,0.04709116742014885
1764807877.285772,-0.1537637437790632,-0.06452127974927425,0.18386136040091514,0.004431331995874643,0.029240036383271217,-0.052753008902072906,,,,,,
1764807877.287752,,,,,,,0.007179737091064453,-0.008997201919555664,-0.01623249053955078,0.04882948845624924,0.0099644735455513,0.06038753315806389
1764807877.295823,-0.09558248070627451,-0.06563596299290657,0.17432576255351304,0.00167175754904747,0.011033434420824051,-0.048384107649326324,,,,,,
1764807877.297781,,,,,,,0.002500176429748535,-0.012885868549346924,-0.014453887939453125,0.08904454857110977,0.007392925210297108,0.06704356521368027
1764807877.305875,-0.13921177907437085,-0.05670388399660587,0.14165303474664687,0.0004528285935521126,-0.0019793035462498665,-0.04454995319247246,,,,,,
1764807877.307811,,,,,,,-0.001674652099609375,-0.0155009925365448,-0.012806661427021027,0.10929007828235626,0.009898426942527294,0.07467865943908691
1764807877.315926,-0.1905330932497978,-0.03025193040072918,0.15060995592325924,0.001814443850889802,-0.0025230972096323967,-0.046244826167821884,,,,,,
1764807877.317841,,,,,,,-0.0021249055862426758,-0.02078878879547119,-0.011992335319519043,0.1291162371635437,0.015043388120830059,0.0838223546743393
1764807877.325977,-0.2434370004415512,-0.022497663012146948,0.12415274163037537,0.002474641427397728,0.0018737815553322434,-0.05332430824637413,,,,,,
1764807877.32787,,,,,,,-0.0009594559669494629,-0.020247846841812134,-0.012669920921325684,0.14286288619041443,0.019498322159051895,0.09554924815893173
1764807877.336029,-0.2999427315175533,-0.044487376502156256,0.14172186219915747,0.0056275660172104836,0.014049656689167023,-0.0650230273604393,,,,,,
1764807877.3379,,,,,,,0.0009707808494567871,-0.02269512414932251,-0.01630508154630661,0.18854594230651855,0.0248803049325943,0.11408831179141998
1764807877.34608,-0.3077063512563705,-0.041241526448726654,0.1402653797805309,0.0016488032415509224,0.029953256249427795,-0.07643121480941772,,,,,,
1764807877.34793,,,,,,,0.004233658313751221,-0.017717212438583374,-0.021244525909423828,0.24478693306446075,0.027977295219898224,0.12719525396823883
1764807877.356132,-0.3126639736637473,-0.04501519976854324,0.1374655199289322,-0.0008466695435345173,0.05147631838917732,-0.0859907865524292,,,,,,
1764807877.357959,,,,,,,0.0024726390838623047,-0.007563740015029907,-0.01749587059020996,0.2829210162162781,0.023454181849956512,0.14045993983745575
1764807877.366183,-0.32222587499618527,-0.08828092552125454,0.1225637188732624,-0.0064121438190341,0.07409027963876724,-0.09134906530380249,,,,,,
1764807877.367989,,,,,,,-0.0038447976112365723,-0.0077180564403533936,-0.011618144810199738,0.31967172026634216,0.022463485598564148,0.1517353653907776
1764807877.376235,-0.2615925425961613,-0.08950374531447887,0.09740238960981368,-0.007612814195454121,0.09573916345834732,-0.09118242561817169,,,,,,
1764807877.378019,,,,,,,-0.009055793285369873,-0.012816190719604492,-0.006204850971698761,0.3301592469215393,0.027087533846497536,0.15579082071781158
1764807877.386286,-0.22528028924316165,-0.08695230726599693,0.060540393419563764,-0.006670321337878704,0.10657290369272232,-0.08989505469799042,,,,,,
1764807877.388049,,,,,,,-0.011495649814605713,-0.025132209062576294,-0.0036383941769599915,0.30474451184272766,0.02831418439745903,0.1593015342950821
1764807877.396338,-0.20680121422261,-0.1021288336098194,0.02481280808672309,-0.0033174180425703526,0.10728447884321213,-0.0944422259926796,,,,,,
1764807877.398078,,,,,,,-0.01388007402420044,-0.039297014474868774,-0.0013251379132270813,0.2877727150917053,0.026849713176488876,0.15967011451721191
1764807877.406389,-0.2110840061083436,-0.1570113473981619,0.03616173896640539,-0.007819226011633873,0.09304562211036682,-0.11019030213356018,,,,,,
1764807877.408108,,,,,,,-0.012156009674072266,-0.02745652198791504,0.000529758632183075,0.24960707128047943,0.029895836487412453,0.16217514872550964
1764807877.416441,-0.15032967767715452,-0.1434948632210493,0.034296091224998236,-0.01043885201215744,0.07256683707237244,-0.11623453348875046,,,,,,
1764807877.418138,,,,,,,-0.007896363735198975,-0.01171034574508667,-0.00159405916929245,0.2271939069032669,0.021368129178881645,0.17013853788375854
1764807877.426492,-0.09980623588114976,-0.12704641724526883,0.00586611555442214,-0.010652171447873116,0.050759270787239075,-0.10808446258306503,,,,,,
1764807877.428167,,,,,,,-0.010998964309692383,-0.007926881313323975,0.0010230503976345062,0.23548206686973572,0.008980435319244862,0.1603524088859558
1764807877.436544,-0.10322831928431987,-0.1722679532408714,-0.01184855096489191,-0.009040649980306625,0.029948752373456955,-0.10750021785497665,,,,,,
1764807877.438197,,,,,,,-0.019719839096069336,0.0024572014808654785,0.011539328843355179,0.2223292589187622,0.0032173548825085163,0.13425903022289276
1764807877.446595,-0.1105424416899681,-0.1848088703840971,-0.03281009045094251,-0.004112470429390669,0.013573507778346539,-0.10179785639047623,,,,,,
1764807877.448227,,,,,,,-0.03005272150039673,0.015685826539993286,0.018925786018371582,0.2057500034570694,0.0133898314088583,0.12435566633939743
1764807877.456647,-0.06723287679553032,-0.14442191493809223,-0.08562310448884963,0.00870056264102459,0.009233402088284492,-0.0918523520231247,,,,,,
1764807877.458256,,,,,,,-0.034104228019714355,0.026399046182632446,0.021866079419851303,0.2137030065059662,0.03421175852417946,0.11784503608942032
1764807877.466698,-0.006036357554793357,-0.12106383570432662,-0.149551094520092,0.026712320744991302,0.02341287024319172,-0.0711023360490799,,,,,,
1764807877.468286,,,,,,,-0.03587979078292847,0.0329078733921051,0.020801782608032227,0.20841385424137115,0.05184401571750641,0.1097288504242897
1764807877.47675,0.006902618995308875,-0.1198404313892126,-0.23285452388972042,0.041752129793167114,0.062455758452415466,-0.053145792335271835,,,,,,
1764807877.478316,,,,,,,-0.03137701749801636,0.019965648651123047,0.02453434467315674,0.1636839359998703,0.0632881447672844,0.09618028253316879
1764807877.486801,0.02947802341878414,-0.05222819988727569,-0.2591124162182212,0.05630950257182121,0.11632591485977173,-0.04065902903676033,,,,,,
1764807877.488345,,,,,,,-0.026129484176635742,0.008375227451324463,0.02671801671385765,0.0931115597486496,0.07983037084341049,0.0655534639954567
1764807877.496853,0.09678718032091856,0.03672375676333904,-0.24694296273589134,0.07497178018093109,0.16340456902980804,-0.03554563596844673,,,,,,
1764807877.498375,,,,,,,-0.02450340986251831,0.02985304594039917,0.030355211347341537,0.004560653120279312,0.0999918282032013,0.03002716414630413
1764807877.506904,0.23943682488948106,0.03542962529957294,-0.251793471506983,0.10203695297241211,0.19839903712272644,-0.019860152155160904,,,,,,
1764807877.508405,,,,,,,-0.023577630519866943,0.05962809920310974,0.02461802214384079,-0.039308737963438034,0.11011317372322083,-0.0027148036751896143
1764807877.516956,0.4348687960967421,-0.029828152030706403,-0.1633051868453622,0.12284145504236221,0.21073591709136963,0.007111737504601479,,,,,,
1764807877.518434,,,,,,,-0.02613222599029541,0.09047165513038635,0.015159472823143005,-0.04468965530395508,0.11357741802930832,-0.043358102440834045
1764807877.527007,0.6251011528342962,-0.11343114886879921,-0.11111293505430221,0.12344466149806976,0.2118520438671112,0.04179009050130844,,,,,,
1764807877.528464,,,,,,,-0.026898741722106934,0.13229182362556458,0.007974736392498016,-0.011276284232735634,0.11501073092222214,-0.08182013779878616
1764807877.537059,0.8194917982950806,-0.13858078769445417,-0.10736351939290761,0.11721964925527573,0.21855135262012482,0.08512993156909943,,,,,,
1764807877.538494,,,,,,,-0.026140213012695312,0.17335793375968933,0.0008777305483818054,0.08735042810440063,0.12285853177309036,-0.10855720937252045
1764807877.54711,1.0714546350196004,-0.04139350214004516,-0.16324059717655182,0.12181786447763443,0.22962850332260132,0.13817289471626282,,,,,,
1764807877.548524,,,,,,,-0.025791823863983154,0.21375513076782227,0.001579873263835907,0.2098921537399292,0.1368345469236374,-0.14571602642536163
1764807877.557161,1.3476055720612405,0.11885785009264946,-0.22636107021719215,0.14662741124629974,0.2269592136144638,0.20281673967838287,,,,,,
1764807877.558553,,,,,,,-0.025900840759277344,0.25788605213165283,0.015121690928936005,0.31002622842788696,0.1536814272403717,-0.20695382356643677
1764807877.567213,1.6641326508939265,0.36394437130689616,-0.2423359073318541,0.1927163451910019,0.20609840750694275,0.29844897985458374,,,,,,
1764807877.568583,,,,,,,-0.026167988777160645,0.3060121536254883,0.03520548343658447,0.3616555333137512,0.18357621133327484,-0.30518925189971924
1764807877.577264,1.9802379971832036,0.5037205062657595,-0.2701780001118779,0.2645912170410156,0.17327579855918884,0.43712636828422546,,,,,,
1764807877.578613,,,,,,,-0.030406177043914795,0.3403845429420471,0.046272873878479004,0.3764488697052002,0.22385306656360626,-0.42196324467658997
1764807877.587316,2.153089887791872,0.4832219081163406,-0.2506824415251612,0.34637612104415894,0.140035018324852,0.6033633351325989,,,,,,
1764807877.588642,,,,,,,-0.03612619638442993,0.3412821292877197,0.05004430562257767,0.3930692970752716,0.25850558280944824,-0.5661749839782715
1764807877.597367,2.1545810031324626,0.37853228410780426,-0.17903189441785217,0.40714141726493835,0.13163107633590698,0.7686041593551636,,,,,,
1764807877.598672,,,,,,,-0.0390017032623291,0.32887545228004456,0.044885508716106415,0.3759334683418274,0.2999238669872284,-0.7459964156150818
1764807877.607419,2.0572841197237373,0.31690847936570643,-0.07462137961164117,0.4342028498649597,0.14768992364406586,0.912925660610199,,,,,,
1764807877.608702,,,,,,,-0.03216475248336792,0.32882028818130493,0.037029020488262177,0.2969593405723572,0.3491190969944,-0.9446474313735962
1764807877.61747,2.037058201035857,0.4384463623225689,-0.017566197959333656,0.4446641206741333,0.15542203187942505,1.0440744161605835,,,,,,
1764807877.618731,,,,,,,-0.012804627418518066,0.3557628393173218,0.04157804697751999,0.17296653985977173,0.400562584400177,-1.158867359161377
1764807877.627522,2.212576388244331,0.7009376073241234,-0.06385697062164544,0.473827600479126,0.1267445832490921,1.1843832731246948,,,,,,
1764807877.628761,,,,,,,0.015000641345977783,0.39075925946235657,0.06379985064268112,-0.07279210537672043,0.4200529456138611,-1.3821098804473877
1764807877.637573,2.4765520265847445,0.9501040913283825,-0.2331412318766117,0.541179358959198,0.0642540454864502,1.3506337404251099,,,,,,
1764807877.638791,,,,,,,0.0363958477973938,0.38287466764450073,0.09030080586671829,-0.34972330927848816,0.4048745036125183,-1.614537000656128
1764807877.647625,2.7250249753668903,1.0453811593472957,-0.3825098094366491,0.6181641221046448,-0.027452971786260605,1.5288777351379395,,,,,,
1764807877.64882,,,,,,,0.03445243835449219,0.36550116539001465,0.12714433670043945,-0.6807275414466858,0.3962152302265167,-1.860803484916687
1764807877.657676,2.88327141751796,1.0232792176544665,-0.5048712837360799,0.7008959054946899,-0.11673421412706375,1.6975823640823364,,,,,,
1764807877.65885,,,,,,,0.028918564319610596,0.35311537981033325,0.1544100046157837,-1.292724847793579,0.39096030592918396,-2.128842830657959
1764807877.667728,2.9367043170198794,0.8711708398669957,-0.6980195279203355,0.7895647883415222,-0.18525655567646027,1.8588013648986816,,,,,,
1764807877.66888,,,,,,,0.035396039485931396,0.24715006351470947,0.1676698923110962,-2.061875581741333,0.36193156242370605,-2.415544271469116
1764807877.677779,2.907484652276337,0.8114087373435497,-0.7105474394515157,0.8556107878684998,-0.261804461479187,2.022407054901123,,,,,,
1764807877.67891,,,,,,,0.04088759422302246,0.13212299346923828,0.189048171043396,-2.7423932552337646,0.3672482967376709,-2.718491554260254
1764807877.687831,2.861672749172151,0.9268342748999595,-0.5496819008432329,0.894971489906311,-0.38569018244743347,2.1665921211242676,,,,,,
1764807877.688939,,,,,,,0.04369407892227173,0.19720622897148132,0.2336052507162094,-3.4034104347229004,0.45852547883987427,-2.992241144180298
1764807877.697882,2.9314862901106475,1.1691706206232308,-0.49517874176129695,0.9360678195953369,-0.5855728387832642,2.298671007156372,,,,,,
1764807877.698969,,,,,,,0.05393016338348389,0.38712796568870544,0.26715096831321716,-3.8158342838287354,0.5920132398605347,-3.1823959350585938
1764807877.707934,3.235704799251258,1.4717442851662634,-0.4908288759887218,1.0016191005706787,-0.8422661423683167,2.4584786891937256,,,,,,
1764807877.708999,,,,,,,0.06257182359695435,0.5399564504623413,0.30003511905670166,-3.8321568965911865,0.7176345586776733,-3.3590593338012695
1764807877.717985,3.7042940786421297,1.9334435127824543,-0.6854828485608101,1.1094361543655396,-1.0751079320907593,2.669178009033203,,,,,,
1764807877.719028,,,,,,,0.05604815483093262,0.5931756496429443,0.3361456096172333,-3.5686471462249756,0.863738477230072,-3.560554027557373
1764807877.728037,4.041729797729849,2.4685768099218603,-1.0776246288914233,1.2664049863815308,-1.2300077676773071,2.9156253337860107,,,,,,
1764807877.729058,,,,,,,0.06144469976425171,0.5985103249549866,0.3638792037963867,-3.3448517322540283,1.0953702926635742,-3.761462926864624
1764807877.738088,4.124562979239225,2.9251679007440803,-1.3695581684112548,1.4524909257888794,-1.2926024198532104,3.172917366027832,,,,,,
1764807877.739088,,,,,,,0.09848290681838989,0.5832597613334656,0.39997872710227966,-3.275193452835083,1.3609404563903809,-3.889885663986206
1764807877.74814,4.050838986858725,3.318249519208073,-1.4408745151281357,1.6442129611968994,-1.2647016048431396,3.4279308319091797,,,,,,
1764807877.749117,,,,,,,0.16056150197982788,0.5692280530929565,0.4429317116737366,-3.2977418899536133,1.6148239374160767,-3.997066020965576
1764807877.758191,3.927290933123231,3.614218086397648,-1.2566834843814372,1.8007372617721558,-1.216943383216858,3.6809027194976807,,,,,,
1764807877.759147,,,,,,,0.22887718677520752,0.6054151058197021,0.48229584097862244,-3.4210617542266846,1.8789035081863403,-4.15936279296875
1764807877.768242,3.9333793131262063,3.8782489620566367,-0.7667255460083484,1.904721975326538,-1.247369647026062,3.9399139881134033,,,,,,
1764807877.769177,,,,,,,0.30294913053512573,0.6809294819831848,0.4879817068576813,-3.496330499649048,2.151944398880005,-4.296302795410156
1764807877.778294,4.12190691177249,4.0591029573351145,-0.29924484891388564,1.9588137865066528,-1.3219722509384155,4.198846340179443,,,,,,
1764807877.779207,,,,,,,0.3671841025352478,0.7181193828582764,0.419803649187088,-3.4034411907196045,2.409313678741455,-4.339905261993408
1764807877.788345,4.289652419152856,4.047574432104826,0.033082112325355406,1.9785898923873901,-1.3897355794906616,4.432112693786621,,,,,,
1764807877.789236,,,,,,,0.4041699171066284,0.681542694568634,0.3374749720096588,-3.0998222827911377,2.634862184524536,-4.340196132659912
1764807877.798397,4.275296561542153,4.079094190484285,0.47905134443342684,1.975119948387146,-1.4299479722976685,4.616874694824219,,,,,,
1764807877.799265,,,,,,,0.4205993413925171,0.6569150686264038,0.375638484954834,-2.7969155311584473,2.901643991470337,-4.338017463684082
1764807877.808448,4.07667953055799,4.4883542058110235,0.7048511275060474,2.00175142288208,-1.501310110092163,4.774139881134033,,,,,,
1764807877.809295,,,,,,,0.44473934173583984,0.6602286696434021,0.46633201837539673,-2.6325290203094482,3.251464605331421,-4.378391265869141
1764807877.8185,4.033381656101346,5.349456071606278,0.3140343852341175,2.1240487098693848,-1.5794731378555298,4.941756248474121,,,,,,
1764807877.819324,,,,,,,0.5055583715438843,0.6506272554397583,0.5629968047142029,-2.4946136474609375,3.596973180770874,-4.415782451629639
1764807877.828551,4.22384636029005,6.520674856930971,-0.3589065232701599,2.3262228965759277,-1.6345795392990112,5.1374993324279785,,,,,,
1764807877.829355,,,,,,,0.5842178463935852,0.6656368374824524,0.6516700387001038,-2.454618215560913,3.9652419090270996,-4.449384689331055
1764807877.838603,4.436602391263842,7.119131748467684,-0.8528605455420911,2.5621352195739746,-1.7075095176696777,5.370931148529053,,,,,,
1764807877.839385,,,,,,,0.6501635313034058,0.6741117835044861,0.7637115120887756,-2.475825786590576,4.259407997131348,-4.569204807281494
1764807877.848654,4.762129645892977,7.470587225079536,-0.9696353057503699,2.787271499633789,-1.8177982568740845,5.6666436195373535,,,,,,
1764807877.849413,,,,,,,0.709881067276001,0.7314597368240356,0.895062267780304,-2.653073310852051,4.648369789123535,-4.663238525390625
1764807877.858706,5.377596708941459,7.966246589964627,-1.1987665713332594,3.002777576446533,-1.8618628978729248,6.010765075683594,,,,,,
1764807877.859443,,,,,,,0.7860152721405029,0.7444106340408325,0.9166199564933777,-2.7207489013671875,4.999481201171875,-4.705660820007324
1764807877.868757,5.852515483614802,8.143589362251758,-1.2929746949464083,3.168968677520752,-1.877411961555481,6.3922224044799805,,,,,,
1764807877.869473,,,,,,,0.8521260023117065,0.691332995891571,0.833285391330719,-2.639681577682495,5.306875705718994,-4.670920372009277
1764807877.878809,5.567630035975575,7.942721337470412,-0.9126651720330119,3.2883448600769043,-1.957064151763916,6.7401275634765625,,,,,,
1764807877.879503,,,,,,,0.8864343166351318,0.6696776151657104,0.8246102333068848,-2.5988752841949463,5.569505214691162,-4.700282573699951
1764807877.88886,4.534081353241205,8.012200531888007,-0.5438526101678609,3.392167806625366,-2.06426739692688,6.95903205871582,,,,,,
1764807877.889533,,,,,,,0.9203930497169495,0.6870875358581543,0.8629480600357056,-2.636953353881836,5.986733913421631,-4.720356464385986
1764807877.898912,4.059349041050672,8.504306588205695,-0.6382739381402731,3.5227229595184326,-2.1120944023132324,7.109824180603027,,,,,,
1764807877.899563,,,,,,,1.019578218460083,0.7325128316879272,0.933284342288971,-2.650768995285034,6.318910121917725,-4.787128925323486
1764807877.908963,4.445810949113965,9.312692178335785,-0.945712870632112,3.713697671890259,-2.1654608249664307,7.328556537628174,,,,,,
1764807877.909591,,,,,,,1.130935549736023,0.7038779258728027,0.9229493141174316,-2.639362335205078,6.637292861938477,-4.741854190826416
1764807877.919015,4.413195212191343,10.097062686628103,-0.4991822783142328,3.926727771759033,-2.2710137367248535,7.586863040924072,,,,,,
1764807877.919621,,,,,,,1.201307773590088,0.5530188083648682,0.86480712890625,-2.561767339706421,6.852332592010498,-4.673191547393799
1764807877.929066,3.1578181342333553,10.413430483245849,0.03679799104332924,4.101621150970459,-2.3538615703582764,7.733060359954834,,,,,,
1764807877.929651,,,,,,,1.2501118183135986,0.5466748476028442,0.7906503677368164,-2.370549201965332,7.270700454711914,-4.543084621429443
1764807877.939118,1.3279846335291863,10.183554390645027,0.4389502201914787,4.203116416931152,-2.205331325531006,7.736812591552734,,,,,,
1764807877.939682,,,,,,,1.3404370546340942,0.5297861695289612,0.604174017906189,-2.0173964500427246,7.465229034423828,-4.479991436004639
1764807877.949169,-0.9300298560708761,9.409655592006445,0.7809078006178141,4.166250228881836,-1.8146770000457764,7.708890914916992,,,,,,
1764807877.949711,,,,,,,1.439539909362793,0.45877501368522644,0.41023528575897217,-1.6190242767333984,7.648825645446777,-4.341779708862305
1764807877.959221,-3.4628578966289756,8.123979821896553,1.312335813498497,4.050352096557617,-1.177117109298706,7.674643039703369,,,,,,
1764807877.95974,,,,,,,1.508262276649475,0.3353985846042633,0.12636220455169678,-1.0180907249450684,7.714422225952148,-4.15717887878418
1764807877.969272,-5.604515705302357,7.695566193288564,1.8760370334744452,4.012407302856445,-0.590958833694458,7.617481231689453,,,,,,
1764807877.96977,,,,,,,1.5253872871398926,0.24806547164916992,-0.07157748937606812,-0.2833261489868164,7.6943039894104,-4.025996208190918
1764807877.979324,-7.2348875408917666,8.17198894278407,2.622787712946534,3.9730777740478516,-0.015893859788775444,7.48295259475708,,,,,,
1764807877.9798,,,,,,,1.5402594804763794,0.19114479422569275,-0.1733899712562561,0.5561866760253906,7.640210151672363,-3.9020943641662598
1764807877.989375,-8.595148888647556,8.176792543673514,2.394893149551749,3.9597222805023193,0.5461788177490234,7.248474597930908,,,,,,
1764807877.98983,,,,,,,1.6013095378875732,0.06438648700714111,-0.2707640528678894,1.2869644165039062,7.353666305541992,-3.86857271194458
1764807877.999426,-8.643294787657261,7.976005767434835,2.35003869330287,3.8788301944732666,0.9350845813751221,6.878872394561768,,,,,,
1764807877.99986,,,,,,,1.6999099254608154,-0.04586872458457947,-0.2851335406303406,1.7618781328201294,7.077456951141357,-3.768662452697754
1764807878.009478,-7.169470189085603,8.101104557743668,3.634318332879245,3.636688709259033,1.1989279985427856,6.389058589935303,,,,,,
1764807878.009888,,,,,,,1.7963933944702148,-0.18422967195510864,-0.4477906823158264,1.950831413269043,6.613037109375,-3.603870391845703
1764807878.019529,-5.021648597085476,9.122747114107012,3.9335938326597213,3.121371030807495,1.277072548866272,5.937103748321533,,,,,,
1764807878.019918,,,,,,,1.8581926822662354,-0.35721269249916077,-0.5364176630973816,1.4237366914749146,6.184018611907959,-3.396444797515869
1764807878.029581,-2.049112211444974,10.296554162359238,5.267320809233189,2.928332567214966,0.35153496265411377,5.623839378356934,,,,,,
1764807878.029948,,,,,,,1.8324248790740967,-0.5663459300994873,-0.7446434497833252,0.8838489651679993,5.584435939788818,-3.0149388313293457
1764807878.039632,-5.17304093555808,5.080134688323736,7.263792732858658,2.3843040466308594,-0.6340333819389343,4.847423076629639,,,,,,
1764807878.039978,,,,,,,1.6169188022613525,-0.7754136323928833,-0.9002893567085266,0.23401106894016266,4.922528266906738,-2.7200534343719482
1764807878.049684,-9.176675688171386,3.5603088015556335,7.751381604012846,1.788899540901184,-1.2202467918395996,3.904496669769287,,,,,,
1764807878.050008,,,,,,,1.5597492456436157,-0.75617915391922,-1.1880815029144287,0.2403372824192047,4.4612717628479,-2.02059006690979
1764807878.059735,-8.27557265137732,6.315709918224811,4.320848936927319,1.8376762866973877,-1.0134083032608032,3.153160810470581,,,,,,
1764807878.060038,,,,,,,1.5773338079452515,-0.7244011163711548,-1.6259514093399048,0.6604940891265869,3.470079183578491,-1.584706425666809
1764807878.069787,-10.638242278194427,7.059741401866078,5.142688467392325,1.4137375354766846,-0.19656598567962646,2.177783250808716,,,,,,
1764807878.070067,,,,,,,1.501551628112793,-1.0362887382507324,-1.6530578136444092,1.1171822547912598,2.548063039779663,-0.916620671749115
1764807878.079838,-10.839378598523139,8.42482914686501,6.135318864282965,1.0182386636734009,0.468334436416626,0.9884079694747925,,,,,,
1764807878.080096,,,,,,,1.2993862628936768,-0.9623610973358154,-1.78571355342865,1.3468331098556519,1.6162875890731812,-0.2722986936569214
1764807878.08989,-10.286970341455936,6.0605082457095385,5.479789839959144,0.5947813987731934,0.6789186000823975,-0.11304506659507751,,,,,,
1764807878.090127,,,,,,,1.2449935674667358,-1.1181343793869019,-1.6940302848815918,1.1687849760055542,0.5800801515579224,0.39166781306266785
1764807878.099941,-8.926698472306132,3.535411676186323,5.145808645239472,0.12486228346824646,0.8067992329597473,-0.949260950088501,,,,,,
1764807878.100157,,,,,,,1.2592036724090576,-1.264450192451477,-1.4069925546646118,0.6478448510169983,-0.44280487298965454,1.0223054885864258
1764807878.109993,-6.9267264316052195,4.450805104139447,3.749587510830164,-0.2748861610889435,0.8283724784851074,-1.688206434249878,,,,,,
1764807878.110185,,,,,,,1.1392428874969482,-1.079639196395874,-1.20490300655365,0.11108339577913284,-1.3632348775863647,1.547848105430603
1764807878.120044,-6.205019007974863,4.529552477639913,2.839805493018031,-0.6389086842536926,0.7159529328346252,-2.355574607849121,,,,,,
1764807878.120215,,,,,,,1.0391614437103271,-0.8851566314697266,-1.0368316173553467,-0.3129746615886688,-2.1190242767333984,1.8946081399917603
1764807878.130096,-6.432830569261312,4.125490615478157,2.5438544614851475,-0.9929743409156799,0.6361252069473267,-2.983931064605713,,,,,,
1764807878.130245,,,,,,,1.0036840438842773,-0.7103132009506226,-0.9025899171829224,-0.4606105387210846,-2.7544524669647217,2.187345027923584
1764807878.140147,-6.773752376899123,3.7474487452358005,2.5369980197191238,-1.3481719493865967,0.5910347104072571,-3.5338706970214844,,,,,,
1764807878.140275,,,,,,,0.9598226547241211,-0.5568830966949463,-0.8459739685058594,-0.292986124753952,-3.2665352821350098,2.4270665645599365
1764807878.150199,-6.79089698844552,3.5393361561536785,2.903625931021571,-1.706563949584961,0.49359050393104553,-4.009738922119141,,,,,,
1764807878.150305,,,,,,,0.9355515837669373,-0.47560644149780273,-0.8320707082748413,0.02063216082751751,-3.6538522243499756,2.6723792552948
1764807878.16025,-6.870412423709035,3.5397593500018116,3.0708786864489315,-2.051365852355957,0.42239853739738464,-4.476707935333252,,,,,,
1764807878.160335,,,,,,,0.9678272604942322,-0.42567843198776245,-0.7726593017578125,0.3429289758205414,-3.988435745239258,2.9169042110443115
